     0		     1		     2		     3		     4		     5		     6		     7		     8		     9		
0.189422	0.965768	0.499911	0.278203	0.383935	0.513296	0.982109	0.905066	0.932871	0.594607	
0.239232	1.014802	0.579381	0.357894	0.463521	0.592752	1.049000	1.014101	1.049000	0.763892	
0.408873	0.050000	0.718712	0.497447	0.602968	0.732069	0.050000	0.050000	0.050000	0.813128	
0.458464	0.099950	0.767993	0.546949	0.652365	0.781337	0.099950	0.099950	0.099950	0.862315	
0.508006	0.149850	0.817225	0.596402	0.701712	0.830556	0.149850	0.149850	0.149850	0.911453	
0.557498	0.199700	0.866408	0.645806	0.751010	0.879726	0.199700	0.199700	0.199700	0.960542	
0.606940	0.249500	0.915542	0.695160	0.800259	0.928846	0.249500	0.249500	0.249500	1.009581	
0.686303	0.329221	0.994596	0.774435	0.879429	1.007887	0.359191	0.359191	0.359191	0.079970	
0.765587	0.408862	0.050000	0.853630	0.958520	0.050000	0.408832	0.408832	0.408832	0.129890	
0.814821	0.458453	0.099950	0.902777	1.007561	0.129920	0.488393	0.488393	0.488393	0.209730	
0.893976	0.537964	0.179820	0.981844	0.050000	0.179790	0.537905	0.537905	0.537905	0.259520	
0.943082	0.587426	0.229640	1.030862	0.129920	0.259580	0.617337	0.617337	0.617337	0.339231	
1.022109	0.696779	0.339351	0.079970	0.209760	0.339291	0.696689	0.696689	0.696689	0.418862	
0.050000	0.746082	0.389011	0.129890	0.259550	0.388951	0.745993	0.745993	0.745993	0.468443	
0.099950	0.795336	0.438622	0.179760	0.309291	0.438562	0.795247	0.795247	0.795247	0.517974	
0.149850	0.844541	0.488184	0.229580	0.358981	0.488124	0.844451	0.844451	0.844451	0.567456	
0.199700	0.893696	0.537695	0.279351	0.408622	0.537636	0.893607	0.893607	0.893607	0.616889	
0.249500	0.942803	0.587158	0.329071	0.458214	0.587098	0.942713	0.942713	0.942713	0.666272	
0.299251	0.991860	0.636571	0.378742	0.507756	0.636511	0.991771	0.991771	0.991771	0.715606	
0.348952	1.040868	0.715904	0.458334	0.587218	0.715845	1.049000	1.049000	1.049000	0.884770	
0.518483	0.050000	0.855098	0.597785	0.726541	0.855039	0.050000	0.050000	0.050000	0.933885	
0.567964	0.099950	0.904243	0.647188	0.775814	0.904184	0.099950	0.099950	0.099950	0.982952	
0.617396	0.149850	0.953339	0.696540	0.825038	0.953279	0.149850	0.149850	0.149850	1.031969	
0.696749	0.229670	1.032355	0.805784	0.934153	1.049000	0.289610	0.289610	0.289610	0.109940	
0.805992	0.339381	0.050000	0.884948	1.013189	0.079970	0.369291	0.369291	0.369291	0.189800	
0.885156	0.419011	0.129920	0.964033	0.050000	0.129890	0.418921	0.418921	0.418921	0.239610	
0.934271	0.468592	0.179790	1.013069	0.129920	0.209730	0.498472	0.498472	0.498472	0.319341	
1.013307	0.578064	0.289550	0.079970	0.209760	0.289490	0.577944	0.577944	0.577944	0.398991	
0.050000	0.627485	0.339261	0.129890	0.259550	0.339201	0.627366	0.627366	0.627366	0.448592	
0.099950	0.676858	0.388921	0.179760	0.309291	0.388862	0.676739	0.676739	0.676739	0.498144	
0.149850	0.726181	0.438533	0.229580	0.358981	0.438473	0.726062	0.726062	0.726062	0.547646	
0.199700	0.775455	0.488094	0.279351	0.408622	0.488034	0.775336	0.775336	0.775336	0.597098	
0.249500	0.824680	0.537606	0.329071	0.458214	0.537546	0.824560	0.824560	0.824560	0.646501	
0.299251	0.873855	0.587068	0.378742	0.507756	0.587009	0.873736	0.873736	0.873736	0.695854	
0.348952	0.922981	0.636481	0.428364	0.557248	0.636422	0.922862	0.922862	0.922862	0.745158	
0.398603	0.972058	0.685845	0.477935	0.606691	0.685785	0.971939	0.971939	0.971939	0.794413	
0.448204	1.021086	0.765129	0.557427	0.686054	0.765070	1.049000	1.049000	1.049000	0.963499	
0.617636	0.050000	0.904274	0.696780	0.825278	0.904215	0.050000	0.050000	0.050000	1.012535	
0.696988	0.129920	0.983340	0.776053	0.904423	0.983280	0.129920	0.129920	0.129920	0.050000	
0.746291	0.179790	1.032356	0.855247	0.983488	1.049000	0.239730	0.239730	0.239730	0.159890	
0.855485	0.289550	0.050000	0.934362	0.050000	0.050000	0.289490	0.289490	0.289490	0.209730	
0.904630	0.339261	0.099950	0.983427	0.099950	0.099950	0.339201	0.339201	0.339201	0.259520	
0.953725	0.388921	0.149850	1.032444	0.179820	0.179820	0.418832	0.418832	0.418832	0.339231	
1.032741	0.498473	0.259640	0.079970	0.259610	0.259610	0.498383	0.498383	0.498383	0.418862	
0.050000	0.547974	0.309381	0.129890	0.309351	0.309351	0.547884	0.547884	0.547884	0.468443	
0.099950	0.597426	0.359071	0.179760	0.359041	0.359041	0.597337	0.597337	0.597337	0.517974	
0.149850	0.646829	0.408712	0.229580	0.408682	0.408682	0.646739	0.646739	0.646739	0.567456	
0.199700	0.696182	0.458303	0.279351	0.458274	0.458274	0.696092	0.696092	0.696092	0.616889	
0.249500	0.745486	0.507845	0.329071	0.507815	0.507815	0.745396	0.745396	0.745396	0.666272	
0.299251	0.794740	0.557337	0.378742	0.557307	0.557307	0.794651	0.794651	0.794651	0.715606	
0.348952	0.843945	0.606780	0.428364	0.606750	0.606750	0.843856	0.843856	0.843856	0.764890	
0.398603	0.893102	0.656173	0.477935	0.656143	0.656143	0.893012	0.893012	0.893012	0.814125	
0.448204	0.942208	0.705517	0.527457	0.705487	0.705487	0.942119	0.942119	0.942119	0.863311	
0.497756	0.991266	0.754811	0.576930	0.754782	0.754782	0.991177	0.991177	0.991177	0.912448	
0.547258	1.040275	0.834027	0.656323	0.833997	0.833997	1.049000	1.049000	1.049000	1.049000	
0.746561	0.050000	1.003073	0.855517	1.033013	1.049000	0.139910	0.139910	0.139910	0.139910	
0.885724	0.189860	0.050000	0.964601	0.050000	0.050000	0.189770	0.189770	0.189770	0.189770	
0.934839	0.239670	0.099950	1.013637	0.129920	0.129920	0.269550	0.269550	0.269550	0.269550	
1.013874	0.349370	0.209790	0.079970	0.209760	0.209760	0.349251	0.349251	0.349251	0.349251	
0.050000	0.399021	0.259580	0.129890	0.259550	0.259550	0.398902	0.398902	0.398902	0.398902	
0.099950	0.448622	0.309321	0.179760	0.309291	0.309291	0.448503	0.448503	0.448503	0.448503	
0.149850	0.498173	0.359011	0.229580	0.358981	0.358981	0.498054	0.498054	0.498054	0.498054	
0.199700	0.547675	0.408652	0.279351	0.408622	0.408622	0.547556	0.547556	0.547556	0.547556	
0.249500	0.597128	0.458244	0.329071	0.458214	0.458214	0.597009	0.597009	0.597009	0.597009	
0.299251	0.646530	0.507785	0.378742	0.507756	0.507756	0.646411	0.646411	0.646411	0.646411	
0.348952	0.695884	0.557278	0.428364	0.557248	0.557248	0.695765	0.695765	0.695765	0.695765	
0.398603	0.745188	0.606720	0.477935	0.606691	0.606691	0.745069	0.745069	0.745069	0.745069	
0.448204	0.794443	0.656114	0.527457	0.656084	0.656084	0.794324	0.794324	0.794324	0.794324	
0.497756	0.843648	0.705458	0.576930	0.705428	0.705428	0.843530	0.843530	0.843530	0.843530	
0.547258	0.892805	0.754752	0.626353	0.754722	0.754722	0.892686	0.892686	0.892686	0.892686	
0.596711	0.941912	0.803997	0.675727	0.803968	0.803968	0.941794	0.941794	0.941794	0.941794	
0.646114	0.990970	0.853193	0.725051	0.853164	0.853164	0.990852	0.990852	0.990852	0.990852	
0.695468	1.039979	0.932310	0.804296	0.932281	0.932281	1.049000	1.049000	1.049000	1.049000	
0.894623	0.050000	0.050000	0.973372	0.050000	0.050000	0.050000	0.050000	0.050000	0.050000	
0.943728	0.099950	0.099950	1.022398	0.129920	0.129920	0.129920	0.129920	0.129920	0.129920	
1.022754	0.209790	0.209790	0.079970	0.209760	0.209760	0.209760	0.209760	0.209760	0.209760	
0.050000	0.259580	0.259580	0.129890	0.259550	0.259550	0.259550	0.259550	0.259550	0.259550	
0.099950	0.309321	0.309321	0.179760	0.309291	0.309291	0.309291	0.309291	0.309291	0.309291	
0.149850	0.359011	0.359011	0.229580	0.358981	0.358981	0.358981	0.358981	0.358981	0.358981	
0.199700	0.408652	0.408652	0.279351	0.408622	0.408622	0.408622	0.408622	0.408622	0.408622	
0.249500	0.458244	0.458244	0.329071	0.458214	0.458214	0.458214	0.458214	0.458214	0.458214	
0.299251	0.507785	0.507785	0.378742	0.507756	0.507756	0.507756	0.507756	0.507756	0.507756	
0.348952	0.557278	0.557278	0.428364	0.557248	0.557248	0.557248	0.557248	0.557248	0.557248	
0.398603	0.606720	0.606720	0.477935	0.606691	0.606691	0.606691	0.606691	0.606691	0.606691	
0.448204	0.656114	0.656114	0.527457	0.656084	0.656084	0.656084	0.656084	0.656084	0.656084	
0.497756	0.705458	0.705458	0.576930	0.705428	0.705428	0.705428	0.705428	0.705428	0.705428	
0.547258	0.754752	0.754752	0.626353	0.754722	0.754722	0.754722	0.754722	0.754722	0.754722	
0.596711	0.803997	0.803997	0.675727	0.803968	0.803968	0.803968	0.803968	0.803968	0.803968	
0.646114	0.853193	0.853193	0.725051	0.853164	0.853164	0.853164	0.853164	0.853164	0.853164	
0.695468	0.902340	0.902340	0.774326	0.902311	0.902311	0.902311	0.902311	0.902311	0.902311	
0.744773	0.951438	0.951438	0.823551	0.951408	0.951408	0.951408	0.951408	0.951408	0.951408	
0.794028	1.000486	1.030456	0.932668	1.049000	1.049000	1.049000	1.049000	1.049000	1.049000	
0.050000	0.050000	0.050000	0.050000	0.050000	0.050000	0.050000	0.050000	0.050000	0.050000	
0.099950	0.099950	0.099950	0.099950	0.099950	0.099950	0.099950	0.099950	0.099950	0.099950	
0.149850	0.149850	0.149850	0.149850	0.149850	0.149850	0.149850	0.149850	0.149850	0.149850	
0.199700	0.199700	0.199700	0.199700	0.199700	0.199700	0.199700	0.199700	0.199700	0.199700	
0.249500	0.249500	0.249500	0.249500	0.249500	0.249500	0.249500	0.249500	0.249500	0.249500	
0.299251	0.299251	0.299251	0.299251	0.299251	0.299251	0.299251	0.299251	0.299251	0.299251	
0.348952	0.348952	0.348952	0.348952	0.348952	0.348952	0.348952	0.348952	0.348952	0.348952	
0.398603	0.398603	0.398603	0.398603	0.398603	0.398603	0.398603	0.398603	0.398603	0.398603	
0.448204	0.448204	0.448204	0.448204	0.448204	0.448204	0.448204	0.448204	0.448204	0.448204	
0.497756	0.497756	0.497756	0.497756	0.497756	0.497756	0.497756	0.497756	0.497756	0.497756	
0.547258	0.547258	0.547258	0.547258	0.547258	0.547258	0.547258	0.547258	0.547258	0.547258	
0.596711	0.596711	0.596711	0.596711	0.596711	0.596711	0.596711	0.596711	0.596711	0.596711	
0.646114	0.646114	0.646114	0.646114	0.646114	0.646114	0.646114	0.646114	0.646114	0.646114	
0.695468	0.695468	0.695468	0.695468	0.695468	0.695468	0.695468	0.695468	0.695468	0.695468	
0.744773	0.744773	0.744773	0.744773	0.744773	0.744773	0.744773	0.744773	0.744773	0.744773	
0.794028	0.794028	0.794028	0.794028	0.794028	0.794028	0.794028	0.794028	0.794028	0.794028	
0.843234	0.843234	0.843234	0.843234	0.843234	0.843234	0.843234	0.843234	0.843234	0.843234	
0.892391	0.892391	0.892391	0.892391	0.892391	0.892391	0.892391	0.892391	0.892391	0.892391	
0.941498	0.941498	0.941498	0.941498	0.941498	0.941498	0.941498	0.941498	0.941498	0.941498	
0.990557	0.990557	0.990557	0.990557	0.990557	0.990557	0.990557	0.990557	0.990557	0.990557	
1.039566	1.049000	1.049000	1.049000	1.049000	1.049000	1.049000	1.049000	1.049000	1.049000	
0.050000	0.050000	0.050000	0.050000	0.050000	0.050000	0.050000	0.050000	0.050000	0.050000	
0.099950	0.099950	0.099950	0.099950	0.099950	0.099950	0.099950	0.099950	0.099950	0.099950	
0.149850	0.149850	0.149850	0.149850	0.149850	0.149850	0.149850	0.149850	0.149850	0.149850	
0.199700	0.199700	0.199700	0.199700	0.199700	0.199700	0.199700	0.199700	0.199700	0.199700	
0.249500	0.249500	0.249500	0.249500	0.249500	0.249500	0.249500	0.249500	0.249500	0.249500	
0.299251	0.299251	0.299251	0.299251	0.299251	0.299251	0.299251	0.299251	0.299251	0.299251	
0.348952	0.348952	0.348952	0.348952	0.348952	0.348952	0.348952	0.348952	0.348952	0.348952	
0.398603	0.398603	0.398603	0.398603	0.398603	0.398603	0.398603	0.398603	0.398603	0.398603	
0.448204	0.448204	0.448204	0.448204	0.448204	0.448204	0.448204	0.448204	0.448204	0.448204	
0.497756	0.497756	0.497756	0.497756	0.497756	0.497756	0.497756	0.497756	0.497756	0.497756	
0.547258	0.547258	0.547258	0.547258	0.547258	0.547258	0.547258	0.547258	0.547258	0.547258	
0.596711	0.596711	0.596711	0.596711	0.596711	0.596711	0.596711	0.596711	0.596711	0.596711	
0.646114	0.646114	0.646114	0.646114	0.646114	0.646114	0.646114	0.646114	0.646114	0.646114	
0.695468	0.695468	0.695468	0.695468	0.695468	0.695468	0.695468	0.695468	0.695468	0.695468	
0.744773	0.744773	0.744773	0.744773	0.744773	0.744773	0.744773	0.744773	0.744773	0.744773	
0.794028	0.794028	0.794028	0.794028	0.794028	0.794028	0.794028	0.794028	0.794028	0.794028	
0.843234	0.843234	0.843234	0.843234	0.843234	0.843234	0.843234	0.843234	0.843234	0.843234	
0.892391	0.892391	0.892391	0.892391	0.892391	0.892391	0.892391	0.892391	0.892391	0.892391	
0.941498	0.941498	0.941498	0.941498	0.941498	0.941498	0.941498	0.941498	0.941498	0.941498	
0.990557	0.990557	0.990557	0.990557	0.990557	0.990557	0.990557	0.990557	0.990557	0.990557	
1.039566	1.049000	1.049000	1.049000	1.049000	1.049000	1.049000	1.049000	1.049000	1.049000	
0.050000	0.050000	0.050000	0.050000	0.050000	0.050000	0.050000	0.050000	0.050000	0.050000	
0.099950	0.099950	0.099950	0.099950	0.099950	0.099950	0.099950	0.099950	0.099950	0.099950	
0.149850	0.149850	0.149850	0.149850	0.149850	0.149850	0.149850	0.149850	0.149850	0.149850	
0.199700	0.199700	0.199700	0.199700	0.199700	0.199700	0.199700	0.199700	0.199700	0.199700	
0.249500	0.249500	0.249500	0.249500	0.249500	0.249500	0.249500	0.249500	0.249500	0.249500	
0.299251	0.299251	0.299251	0.299251	0.299251	0.299251	0.299251	0.299251	0.299251	0.299251	
0.348952	0.348952	0.348952	0.348952	0.348952	0.348952	0.348952	0.348952	0.348952	0.348952	
0.398603	0.398603	0.398603	0.398603	0.398603	0.398603	0.398603	0.398603	0.398603	0.398603	
0.448204	0.448204	0.448204	0.448204	0.448204	0.448204	0.448204	0.448204	0.448204	0.448204	
0.497756	0.497756	0.497756	0.497756	0.497756	0.497756	0.497756	0.497756	0.497756	0.497756	
0.547258	0.547258	0.547258	0.547258	0.547258	0.547258	0.547258	0.547258	0.547258	0.547258	
0.596711	0.596711	0.596711	0.596711	0.596711	0.596711	0.596711	0.596711	0.596711	0.596711	
0.646114	0.646114	0.646114	0.646114	0.646114	0.646114	0.646114	0.646114	0.646114	0.646114	
0.695468	0.695468	0.695468	0.695468	0.695468	0.695468	0.695468	0.695468	0.695468	0.695468	
0.744773	0.744773	0.744773	0.744773	0.744773	0.744773	0.744773	0.744773	0.744773	0.744773	
0.794028	0.794028	0.794028	0.794028	0.794028	0.794028	0.794028	0.794028	0.794028	0.794028	
0.843234	0.843234	0.843234	0.843234	0.843234	0.843234	0.843234	0.843234	0.843234	0.843234	
0.892391	0.892391	0.892391	0.892391	0.892391	0.892391	0.892391	0.892391	0.892391	0.892391	
0.941498	0.941498	0.941498	0.941498	0.941498	0.941498	0.941498	0.941498	0.941498	0.941498	
0.990557	0.990557	0.990557	0.990557	0.990557	0.990557	0.990557	0.990557	0.990557	0.990557	
1.039566	1.049000	1.049000	1.049000	1.049000	1.049000	1.049000	1.049000	1.049000	1.049000	
0.050000	0.050000	0.050000	0.050000	0.050000	0.050000	0.050000	0.050000	0.050000	0.050000	
0.099950	0.099950	0.099950	0.099950	0.099950	0.099950	0.099950	0.099950	0.099950	0.099950	
0.149850	0.149850	0.149850	0.149850	0.149850	0.149850	0.149850	0.149850	0.149850	0.149850	
0.199700	0.199700	0.199700	0.199700	0.199700	0.199700	0.199700	0.199700	0.199700	0.199700	
0.249500	0.249500	0.249500	0.249500	0.249500	0.249500	0.249500	0.249500	0.249500	0.249500	
0.299251	0.299251	0.299251	0.299251	0.299251	0.299251	0.299251	0.299251	0.299251	0.299251	
0.348952	0.348952	0.348952	0.348952	0.348952	0.348952	0.348952	0.348952	0.348952	0.348952	
0.398603	0.398603	0.398603	0.398603	0.398603	0.398603	0.398603	0.398603	0.398603	0.398603	
0.448204	0.448204	0.448204	0.448204	0.448204	0.448204	0.448204	0.448204	0.448204	0.448204	
0.497756	0.497756	0.497756	0.497756	0.497756	0.497756	0.497756	0.497756	0.497756	0.497756	
0.547258	0.547258	0.547258	0.547258	0.547258	0.547258	0.547258	0.547258	0.547258	0.547258	
0.596711	0.596711	0.596711	0.596711	0.596711	0.596711	0.596711	0.596711	0.596711	0.596711	
0.646114	0.646114	0.646114	0.646114	0.646114	0.646114	0.646114	0.646114	0.646114	0.646114	
0.695468	0.695468	0.695468	0.695468	0.695468	0.695468	0.695468	0.695468	0.695468	0.695468	
0.744773	0.744773	0.744773	0.744773	0.744773	0.744773	0.744773	0.744773	0.744773	0.744773	
0.794028	0.794028	0.794028	0.794028	0.794028	0.794028	0.794028	0.794028	0.794028	0.794028	
0.843234	0.843234	0.843234	0.843234	0.843234	0.843234	0.843234	0.843234	0.843234	0.843234	
0.892391	0.892391	0.892391	0.892391	0.892391	0.892391	0.892391	0.892391	0.892391	0.892391	
0.941498	0.941498	0.941498	0.941498	0.941498	0.941498	0.941498	0.941498	0.941498	0.941498	
0.990557	0.990557	0.990557	0.990557	0.990557	0.990557	0.990557	0.990557	0.990557	0.990557	
1.039566	1.049000	1.049000	1.049000	1.049000	1.049000	1.049000	1.049000	1.049000	1.049000	
0.050000	0.050000	0.050000	0.050000	0.050000	0.050000	0.050000	0.050000	0.050000	0.050000	
0.099950	0.099950	0.099950	0.099950	0.099950	0.099950	0.099950	0.099950	0.099950	0.099950	
0.149850	0.149850	0.149850	0.149850	0.149850	0.149850	0.149850	0.149850	0.149850	0.149850	
0.199700	0.199700	0.199700	0.199700	0.199700	0.199700	0.199700	0.199700	0.199700	0.199700	
0.249500	0.249500	0.249500	0.249500	0.249500	0.249500	0.249500	0.249500	0.249500	0.249500	
0.299251	0.299251	0.299251	0.299251	0.299251	0.299251	0.299251	0.299251	0.299251	0.299251	
0.348952	0.348952	0.348952	0.348952	0.348952	0.348952	0.348952	0.348952	0.348952	0.348952	
0.398603	0.398603	0.398603	0.398603	0.398603	0.398603	0.398603	0.398603	0.398603	0.398603	
0.448204	0.448204	0.448204	0.448204	0.448204	0.448204	0.448204	0.448204	0.448204	0.448204	
0.497756	0.497756	0.497756	0.497756	0.497756	0.497756	0.497756	0.497756	0.497756	0.497756	
0.547258	0.547258	0.547258	0.547258	0.547258	0.547258	0.547258	0.547258	0.547258	0.547258	
0.596711	0.596711	0.596711	0.596711	0.596711	0.596711	0.596711	0.596711	0.596711	0.596711	
0.646114	0.646114	0.646114	0.646114	0.646114	0.646114	0.646114	0.646114	0.646114	0.646114	
0.695468	0.695468	0.695468	0.695468	0.695468	0.695468	0.695468	0.695468	0.695468	0.695468	
0.744773	0.744773	0.744773	0.744773	0.744773	0.744773	0.744773	0.744773	0.744773	0.744773	
0.794028	0.794028	0.794028	0.794028	0.794028	0.794028	0.794028	0.794028	0.794028	0.794028	
0.843234	0.843234	0.843234	0.843234	0.843234	0.843234	0.843234	0.843234	0.843234	0.843234	
0.892391	0.892391	0.892391	0.892391	0.892391	0.892391	0.892391	0.892391	0.892391	0.892391	
0.941498	0.941498	0.941498	0.941498	0.941498	0.941498	0.941498	0.941498	0.941498	0.941498	
0.990557	0.990557	0.990557	0.990557	0.990557	0.990557	0.990557	0.990557	0.990557	0.990557	
1.039566	1.049000	1.049000	1.049000	1.049000	1.049000	1.049000	1.049000	1.049000	1.049000	
0.050000	0.050000	0.050000	0.050000	0.050000	0.050000	0.050000	0.050000	0.050000	0.050000	
0.099950	0.099950	0.099950	0.099950	0.099950	0.099950	0.099950	0.099950	0.099950	0.099950	
0.149850	0.149850	0.149850	0.149850	0.149850	0.149850	0.149850	0.149850	0.149850	0.149850	
